Length - Number Of Formats
000005                 1
000006                 4
000007                 2
000008                18
000009                10
000010                13
000011                32
000012                99
000013                82
000014               153
000015               306
000016               413
000017               615
000018              1122
000019              1627
000020              2527
000021              4143
000022              5807
000023              8133
000024             12178
000025             16312
000026             20783
000027             28490
000028             36389
000029             42699
000030             51204
000031             61017
000032             65763
000033             70445
000034             77765
000035             80341
000036             80849
000037             84066
000038             85626
000039             82771
000040             81620
000041             80300
000042             73874
000043             67665
000044             62014
000045             53086
000046             44160
000047             36324
000048             28222
000049             20987
000050             15194
000051             10338
000052              6578
000053              3972
000054              2092
000055               988
000056               352
000057                48
